0.png
1
268.937        236.365
2
367.739        236.632
3
367.928        335.155
4
267.809        335.888
1.png
1
224.126        237.646
2
324.083        235.262
3
327        342
4
222.327        340.688
2.png
1
200.207        237.506
2
303        238
3
307.58        341.68
4
200.4        341.356
3.png
1
239.852        240.499
2
328        239
3
327.828        329.694
4
239.866        329.796
4.png
1
233.256        239.849
2
324        240
3
325.96        330.596
4
236.6        333.6
5.png
1
307        237
2
395.818        234.46
3
393        346
4
305        337
6.png
1
127.636        236.684
2
240.065        237.652
3
241.905        345.512
4
125.249        348.145
7.png
1
167.719        240.638
2
255        241
3
258.155        326.501
4
168.041        336.883
8.png
1
278.985        237.399
2
367.85        237.893
3
367.733        332.608
4
273.639        331.535
9.png
1
330.907        236.574
2
427.739        235.968
3
429        340
4
329.791        334.743
