0.png
1
280.329        197.807
2
361.478        197.315
3
362.494        319.644
4
281.44        320.573
1.png
1
287.363        203.663
2
360.622        203.092
3
361.376        313.711
4
288.000        314.000
2.png
1
311.093        207.803
2
378.577        207.201
3
379.389        309.583
4
311.894        309.663
3.png
1
310.94        207.886
2
378.568        207.173
3
379.403        309.582
4
311.874        309.723
4.png
1
325.832        207.716
2
391.696        206.068
3
393.038        312.153
4
326.833        310.527
5.png
1
301.000        195.000
2
384.719        194.737
3
385.806        321.842
4
302.066        323.009
6.png
1
285.599        193.26
2
353.511        197.639
3
351.717        318.277
4
285.199        324.44
7.png
1
256.409        196.566
2
331.158        191.923
3
333.208        322.712
4
258.281        320.357
8.png
1
339.837        189.361
2
433.111        188.904
3
433.688        329.763
4
341.256        330.561
9.png
1
156.09        189.423
2
247.172        187.878
3
248.6        324.288
4
158.138        325.23
