lidar0
1
2.997000 0.245000 0.321000
2
3.020000 -0.138000 0.330000
3
3.026000 -0.147000 -0.254000
4
3.008000 0.230000 -0.257000
lidar1
1
3.332000 0.227000 0.318000
2
3.345000 -0.154000 0.328000
3
3.348000 -0.164000 -0.253000
4
3.336000 0.217000 -0.261000
lidar2
1
3.616000 0.103000 0.307000
2
3.616000 -0.276000 0.329000
3
3.612000 -0.285000 -0.249000
4
3.613000 0.091000 -0.256000
lidar3
1
3.616000 0.105000 0.315000
2
3.610000 -0.274000 0.323000
3
3.605000 -0.276000 -0.250000
4
3.613000 0.091000 -0.256000
lidar4
1
3.621000 0.021000 0.308000
2
3.498000 -0.343000 0.321000
3
3.493000 -0.351000 -0.254000
4
3.609000 0.001000 -0.263000
lidar5
1
2.884000 0.148000 0.336000
2
2.897000 -0.246000 0.349000
3
2.911000 -0.250000 -0.250000
4
2.894000 0.129000 -0.259000
lidar6
1
2.808000 0.218000 0.333000
2
3.028000 -0.086000 0.332000
3
3.044000 -0.100000 -0.242000
4
2.820000 0.210000 -0.250000
lidar7
1
2.971000 0.355000 0.325000
2
2.821000 0.007000 0.347000
3
2.808000 -0.004000 -0.243000
4
2.974000 0.338000 -0.253000
lidar8
1
2.607000 -0.032000 0.334000
2
2.628000 -0.421000 0.343000
3
2.633000 -0.428000 -0.248000
4
2.612000 -0.045000 -0.256000
lidar9
1
2.716000 0.770000 0.332000
2
2.704000 0.383000 0.344000
3
2.713000 0.369000 -0.240000
4
2.716000 0.759000 -0.251000
3
4
